{
 "cells": [
  {
   "cell_type": "code",
   "execution_count": 8,
   "metadata": {},
   "outputs": [
    {
     "name": "stdout",
     "output_type": "stream",
     "text": [
      "\n",
      "---------Matrix results---------\n",
      "Testing x1:\n",
      "[179.98857342 108.07885186   1.        ]\n",
      "[ 40.47866153 133.17030034   1.        ]\n",
      "[ 31.57705016 129.11834734   1.        ]\n",
      "[ 62.70315493 125.22198925   1.        ]\n",
      "[ 87.97588689 193.49759824   1.        ]\n",
      "[ 74.39285643 151.15940817   1.        ]\n",
      "[46.14243307 84.1783597   1.        ]\n",
      "[131.74129232 142.16736972   1.        ]\n",
      "Testing x2:\n",
      "[143.21993433  48.51642631   1.        ]\n",
      "[ 85.56030011 156.57622379   1.        ]\n",
      "[20.38879987 64.94909923  1.        ]\n",
      "[122.50969679 195.62127217   1.        ]\n",
      "[150.14160901 114.23177263   1.        ]\n",
      "[12.04466398 37.99025637  1.        ]\n",
      "[ 68.31868335 126.06090017   1.        ]\n",
      "[159.33981002 171.26642716   1.        ]\n",
      "\n",
      "F by custom function:\n",
      "[-5.37117568e-05 -3.95760414e-05  1.17982916e-02]\n",
      "[ 2.79814632e-05  7.66521935e-05 -1.47647178e-02]\n",
      "[ 3.48496184e-04 -6.74275832e-03  1.00000000e+00]\n",
      "F_norm by custom function:\n",
      "[-4.39360258e-05 -3.57673766e-05  1.08168403e-02]\n",
      "[ 2.71520294e-05  7.38882728e-05 -1.39633785e-02]\n",
      "[-6.30855219e-04 -6.52311442e-03  1.00000000e+00]\n",
      "F by OpenCV package:\n",
      "[-4.06345465e-05 -3.42632015e-05  1.01659920e-02]\n",
      "[ 2.65197465e-05  7.10637804e-05 -1.34449882e-02]\n",
      "[-9.07537635e-04 -6.29285519e-03  1.00000000e+00]\n",
      "\n",
      "---------Test point results---------\n",
      "Testing a point:  [ 90.7917532 137.7021877   1.       ] \n",
      "\n",
      "Epiline by custom function:\n",
      "[-0.00487658 -0.00359318  1.07118758]\n",
      "[ 0.00385311  0.01055517 -2.03313394]\n",
      "[ 3.48496184e-04 -6.74275832e-03  1.00000000e+00]\n",
      "Epiline by custom function normalized:\n",
      "[-0.00398903 -0.00324738  0.9820799 ]\n",
      "[ 0.00373889  0.01017458 -1.92278776]\n",
      "[-6.30855219e-04 -6.52311442e-03  1.00000000e+00]\n",
      "Epiline by OpenCV package\n",
      "[-0.00368928 -0.00311082  0.92298824]\n",
      "[ 0.00365183  0.00978564 -1.85140429]\n",
      "[-9.07537635e-04 -6.29285519e-03  1.00000000e+00]\n"
     ]
    }
   ],
   "source": [
    "!python main.py"
   ]
  },
  {
   "cell_type": "code",
   "execution_count": null,
   "metadata": {},
   "outputs": [],
   "source": []
  }
 ],
 "metadata": {
  "kernelspec": {
   "display_name": "Python 3",
   "language": "python",
   "name": "python3"
  },
  "language_info": {
   "codemirror_mode": {
    "name": "ipython",
    "version": 3
   },
   "file_extension": ".py",
   "mimetype": "text/x-python",
   "name": "python",
   "nbconvert_exporter": "python",
   "pygments_lexer": "ipython3",
   "version": "3.6.5"
  }
 },
 "nbformat": 4,
 "nbformat_minor": 2
}
